100
35
1 2 3 4 5 6 7 8 9 13 14 15 18 30 24 28 40 45 46 49 51 52 55 59 60 61 63 65 66 69 71 72 77 79 80 
55 82 35 61 35 44 61 40 35 67 63 38 56 85 73 59 33 85 81 72 67 65 65 35 21 45 46 21 23 76 65 77 28 75 62 60 71 64 78 57 57 74 59 38 51 39 23 61 52 37 31 65 26 62 52 60 68 30 62 84 69 39 40 71 60 64 75 48 55 69 61 65 74 28 59 41 61 51 69 83 63 49 71 78 52 64 26 65 49 70 49 60 29 31 60 38 70 58 42 24
30
200
12 34 17 k x 0.9 26.6
28 74 49 k s 2.3 25.9
26 93 83 k s 1.1 27.8
2 22 100 c k 1.3 20.4
7 70 93 c s 2.2 26.6
20 72 5 x x 2.1 26.6
23 51 16 x k 0.8 28.6
6 93 4 c c 1.2 7.4
3 15 4 x k 2.2 10.3
24 91 75 s k 2.2 5.4
17 44 26 k c 1.1 10.3
0 9 22 c s 1.4 8.2
20 23 51 c c 1.2 15.3
20 26 7 x x 0.7 19.3
1 95 26 c c 1.1 6.1
19 47 42 c s 1.0 5.5
20 37 73 x c 2.1 6.0
24 75 52 s s 1.8 5.7
7 68 95 x x 2.3 16.5
15 26 78 k k 2.1 29.3
27 47 74 x c 1.1 18.3
8 49 80 k k 2.4 14.6
24 41 8 s x 1.6 11.0
27 94 82 s c 1.5 19.5
17 99 71 x k 1.9 5.7
1 76 30 c x 2.4 21.2
9 98 31 x k 1.5 11.2
14 19 92 k s 1.9 7.6
26 12 80 s k 2.1 12.3
9 18 43 s s 2.5 17.6
9 67 17 c c 0.6 26.3
12 17 13 s c 1.0 29.9
21 97 53 s c 2.1 19.5
11 71 55 x s 2.0 22.4
20 16 49 x s 2.1 16.8
1 83 98 k c 1.1 27.6
22 58 19 x k 0.6 25.3
9 54 23 s s 1.5 23.3
23 77 25 x s 1.9 18.1
27 59 5 x s 2.3 16.4
16 11 68 k c 0.8 21.4
26 24 28 k s 1.2 18.0
4 47 31 x c 0.9 24.6
21 33 100 c c 1.4 6.8
15 88 31 c x 1.0 13.1
10 96 55 c k 1.6 26.7
11 38 67 s x 1.2 21.5
6 7 29 s s 1.4 29.1
22 81 1 x s 0.8 26.3
5 63 67 x k 2.4 20.8
16 77 19 k c 1.7 7.2
12 24 54 c s 1.5 27.9
4 15 8 k k 1.4 7.5
28 100 53 x c 1.7 24.5
10 45 41 k c 1.2 19.1
21 86 2 s k 1.7 19.4
28 95 80 c x 2.4 6.7
8 32 58 s k 2.2 13.9
15 53 38 x c 1.5 28.8
26 52 69 x x 1.5 8.5
24 47 98 k s 1.9 6.9
23 18 92 c c 0.5 28.7
11 71 19 k k 2.3 27.4
25 22 35 c c 1.5 27.8
2 98 7 c x 0.8 27.6
23 82 15 x x 1.9 15.3
19 95 64 k k 2.0 14.9
13 74 97 c s 0.7 6.7
15 19 6 c x 0.9 14.8
5 100 6 c s 0.6 25.8
8 24 27 k x 1.1 21.2
18 18 32 x k 1.0 27.8
14 27 25 s s 1.8 6.1
6 96 9 c x 2.0 5.1
22 59 92 c s 1.3 14.1
20 66 23 c x 2.1 20.0
2 1 35 c s 1.3 8.9
10 15 98 x k 0.7 29.6
10 11 35 s k 2.2 9.9
6 57 13 x k 1.8 22.3
13 1 33 x c 2.2 22.7
3 36 9 x c 0.6 5.3
19 83 86 x k 1.7 12.3
18 56 81 k k 2.5 27.8
28 25 18 s x 1.0 17.5
9 7 43 k x 1.2 14.5
5 61 41 s s 2.3 21.5
18 48 61 k s 0.6 5.8
24 82 79 s x 1.2 20.0
22 52 70 x s 1.3 16.5
7 96 51 s k 0.6 27.1
28 43 87 c x 1.0 27.8
23 51 90 s c 2.4 22.8
0 79 9 s c 0.8 23.0
11 79 82 x k 2.3 6.6
29 35 78 s c 1.2 12.5
20 63 11 x x 0.5 24.0
19 5 80 x k 1.1 14.2
19 41 100 x s 2.4 25.4
16 83 22 s s 1.7 12.8
1 60 19 s c 1.0 12.0
14 61 53 x s 2.1 19.4
22 59 13 k k 2.0 19.5
25 22 83 x x 1.9 29.9
4 50 11 c c 2.0 26.0
26 97 31 k x 0.8 21.9
3 22 29 x x 1.5 16.1
27 53 97 c c 1.1 17.3
2 1 68 s x 0.9 16.2
15 74 63 s k 1.4 16.4
18 13 47 x c 0.6 13.1
20 51 8 k k 1.4 8.2
7 49 69 s k 0.6 23.2
15 37 66 k k 1.6 27.7
28 2 77 c c 2.4 16.0
7 78 21 s k 2.2 7.8
9 98 80 c s 1.4 23.8
14 28 79 s k 1.9 18.0
19 77 65 s k 1.8 28.2
11 3 88 s c 1.4 15.4
11 94 43 c x 1.9 20.6
4 35 85 s x 0.8 7.8
29 72 93 c c 0.5 16.9
12 74 7 s x 1.0 27.8
14 40 87 c c 0.9 21.2
7 47 88 c c 1.7 19.2
11 89 8 x k 1.3 9.7
27 38 87 c c 1.2 22.4
4 77 89 x c 2.4 25.3
13 51 72 k x 0.8 5.9
7 90 47 k k 1.7 21.2
11 11 20 x c 1.9 11.1
3 57 93 c x 1.9 8.4
13 76 35 x x 1.3 29.4
21 39 12 k x 1.8 8.1
24 28 47 x x 0.7 9.8
19 61 37 k s 1.3 16.4
3 13 73 c k 1.6 8.0
25 55 76 k x 0.7 17.6
11 20 50 x s 0.6 19.5
14 8 10 k c 2.0 24.4
23 5 27 x k 1.0 5.7
14 70 75 s c 1.3 14.3
22 40 70 c s 1.9 14.7
23 3 73 k c 1.3 25.8
2 40 54 s c 0.9 15.1
28 63 89 x c 2.4 14.7
24 63 35 s s 1.9 15.1
0 88 47 s k 2.1 26.6
25 98 59 k x 0.6 13.5
19 76 71 s x 1.3 18.5
5 7 81 x s 2.4 22.6
4 27 19 s c 0.5 8.5
8 8 97 s k 0.8 15.6
0 91 6 s x 1.1 25.2
12 38 92 x c 1.8 9.3
5 62 91 c x 2.4 16.9
14 5 67 x k 2.2 17.3
8 28 25 k c 2.3 11.3
6 84 59 c x 0.9 14.6
2 33 6 k s 1.7 21.4
2 24 89 k c 1.4 19.0
7 26 91 k x 0.9 9.8
26 38 90 c s 1.0 14.1
28 62 81 k c 1.0 18.0
2 30 93 x x 1.0 12.0
5 64 42 x c 2.5 12.8
11 84 29 c k 1.8 24.1
29 36 16 k s 1.8 9.7
1 82 42 x s 0.9 18.6
21 5 47 c x 1.8 10.8
6 42 22 c k 1.8 9.2
11 47 58 x c 1.6 5.1
10 98 64 s s 2.3 22.4
10 18 38 x k 1.3 29.7
4 54 35 k k 1.7 6.1
23 61 94 x x 1.4 20.1
21 1 66 x k 1.4 16.2
19 40 45 x c 0.5 8.7
26 43 25 k c 1.6 10.9
26 37 97 x c 2.0 22.9
3 22 33 k k 0.7 25.2
18 86 27 k k 1.8 25.3
25 79 3 s k 2.5 29.4
6 30 32 x x 1.2 9.7
20 14 28 s x 0.7 6.4
11 53 91 c k 1.7 18.5
18 3 85 c k 0.9 29.7
14 15 97 k s 1.6 17.1
21 80 54 x x 1.8 27.5
4 91 7 s s 2.3 9.5
6 93 6 k c 1.4 19.7
18 67 72 x k 2.2 7.7
6 53 94 x s 2.2 13.8
7 22 23 s c 0.5 28.5
17 38 52 k k 0.9 21.6
9 81 57 s k 1.2 17.0
0 73 43 k c 2.1 20.3
19 52 20 x s 2.2 17.4
29 88 67 c x 1.1 23.8